image: tianracer_racetrack.pgm
resolution: 0.025000
origin: [-12.200000, -12.500000, 0.0000000]
negate: 0
occupied_thresh: 0.65
free_thresh: 0.196
